207,52
207,51
207,50
207,49
207,48
207,47
207,46
207,45
207,44
207,43
207,42
207,41
207,40
207,39
207,38
207,37
207,36
207,35
201,6
201,5
201,2
201,1
201,3
205,4
205,2
205,1
205,3
200,6
200,5
200,4
200,2
200,1
200,3
187,4
187,2
187,1
187,3
186,4
186,2
186,1
186,3
199,6
199,5
199,2
199,1
199,3
198,6
198,5
198,2
198,1
198,3
183,4
183,2
183,1
183,3
196,6
196,5
196,2
196,1
196,3
195,5
195,4
195,8
195,7
195,2
195,1
195,3
192,6
192,5
192,2
192,1
192,3
109,3
109,2
109,1
109,0
0,0
0,273
0,270
0,9
207,34
207,33
207,32
207,31
207,30
207,29
207,28
207,27
207,26
207,25
207,24
207,23
207,22
207,21
207,20
207,19
207,18
207,17
207,16
207,15
207,14
207,13
