0,376
0,375
42,6
0,374
0,373
42,5
0,372
0,371
32,4
0,370
0,369
31,4
0,368
0,367
0,366
41,6
0,364
41,5
0,363
0,362
0,361
0,360
0,359
0,358
39,7
0,357
0,356
39,6
0,355
28,4
37,6
0,354
37,5
36,6
36,5
35,7
35,6
42,4
42,3
42,2
42,1
42,0
0,353
41,4
41,3
41,2
41,1
41,0
0,352
40,4
40,3
40,2
40,1
40,0
39,5
39,4
39,3
39,2
39,1
39,0
38,4
38,3
38,2
38,1
38,0
0,351
0,350
37,4
37,3
37,2
37,1
37,0
0,349
0,348
36,4
36,3
36,2
36,1
36,0
0,347
35,5
35,4
35,3
35,2
0,346
35,1
35,0
0,345
0,344
34,4
34,3
34,2
34,1
34,0
